49
6734 1453 0
2233 10 0
5530 1424 0
401 841 0
3082 1644 0
7608 4458 0
7573 3716 0
7265 1268 0
6898 1885 0
1112 2049 0
5468 2606 0
5989 2873 0
4706 2674 0
4612 2035 0
6347 2683 0
6107 669 0
7611 5184 0
7462 3590 0
7732 4723 0
5900 3561 0
4483 3369 0
6101 1110 0
5199 2182 0
1633 2809 0
4307 2322 0
675 1006 0
7555 4819 0
7541 3981 0
3177 756 0
7352 4506 0
7545 2801 0
3245 3305 0
6426 3173 0
4608 1198 0
23 2216 0
7248 3779 0
7762 4595 0
7392 2244 0
3484 2829 0
3484 2829 0
6271 2135 0
4985 140 0
1916 1569 0
7280 4899 0
7509 3239 0
10 2676 0
6807 2993 0
5185 3258 0
3023 1942 0
